
C:\stage\lua_bin>lua5.1.exe luapyth.lua 
2 0 2 4
4 3 5 12
6 8 10 24
8 15 17 40
10 24 26 60
12 35 37 84
14 48 50 112
16 63 65 144
18 80 82 180
20 99 101 220
22 120 122 264
24 143 145 312
26 168 170 364
28 195 197 420
30 224 226 480
32 255 257 544
34 288 290 612
36 323 325 684
38 360 362 760
40 399 401 840
42 440 442 924
44 483 485 1012
46 528 530 1104
48 575 577 1200
50 624 626 1300
52 675 677 1404
54 728 730 1512
56 783 785 1624
58 840 842 1740
60 899 901 1860
62 960 962 1984
64 1023 1025 2112
66 1088 1090 2244
68 1155 1157 2380
70 1224 1226 2520
72 1295 1297 2664
74 1368 1370 2812
76 1443 1445 2964
78 1520 1522 3120
80 1599 1601 3280
82 1680 1682 3444
84 1763 1765 3612
86 1848 1850 3784
88 1935 1937 3960
90 2024 2026 4140
92 2115 2117 4324
94 2208 2210 4512
96 2303 2305 4704
98 2400 2402 4900
100 2499 2501 5100
102 2600 2602 5304
104 2703 2705 5512
106 2808 2810 5724
108 2915 2917 5940
110 3024 3026 6160
112 3135 3137 6384
114 3248 3250 6612
116 3363 3365 6844
118 3480 3482 7080
120 3599 3601 7320
122 3720 3722 7564
124 3843 3845 7812
126 3968 3970 8064
128 4095 4097 8320
130 4224 4226 8580
132 4355 4357 8844
134 4488 4490 9112
136 4623 4625 9384
138 4760 4762 9660
140 4899 4901 9940
142 5040 5042 10224
144 5183 5185 10512
146 5328 5330 10804
148 5475 5477 11100
150 5624 5626 11400
152 5775 5777 11704
154 5928 5930 12012
156 6083 6085 12324
158 6240 6242 12640
160 6399 6401 12960
162 6560 6562 13284
164 6723 6725 13612
166 6888 6890 13944
168 7055 7057 14280
170 7224 7226 14620
172 7395 7397 14964
174 7568 7570 15312
176 7743 7745 15664
178 7920 7922 16020
180 8099 8101 16380
182 8280 8282 16744
184 8463 8465 17112
186 8648 8650 17484
188 8835 8837 17860
190 9024 9026 18240
192 9215 9217 18624
194 9408 9410 19012
196 9603 9605 19404
198 9800 9802 19800
200 9999 10001 20200
202 10200 10202 20604
204 10403 10405 21012
206 10608 10610 21424
208 10815 10817 21840
210 11024 11026 22260
212 11235 11237 22684
214 11448 11450 23112
216 11663 11665 23544
218 11880 11882 23980
220 12099 12101 24420
222 12320 12322 24864
224 12543 12545 25312
226 12768 12770 25764
228 12995 12997 26220
230 13224 13226 26680
232 13455 13457 27144
234 13688 13690 27612
236 13923 13925 28084
238 14160 14162 28560
240 14399 14401 29040
242 14640 14642 29524
244 14883 14885 30012
246 15128 15130 30504
248 15375 15377 31000
250 15624 15626 31500
252 15875 15877 32004
254 16128 16130 32512
256 16383 16385 33024
258 16640 16642 33540
260 16899 16901 34060
262 17160 17162 34584
264 17423 17425 35112
266 17688 17690 35644
268 17955 17957 36180
270 18224 18226 36720
272 18495 18497 37264
274 18768 18770 37812
276 19043 19045 38364
278 19320 19322 38920
280 19599 19601 39480
282 19880 19882 40044
284 20163 20165 40612
286 20448 20450 41184
288 20735 20737 41760
290 21024 21026 42340
292 21315 21317 42924
294 21608 21610 43512
296 21903 21905 44104
298 22200 22202 44700
300 22499 22501 45300
302 22800 22802 45904
304 23103 23105 46512
306 23408 23410 47124
308 23715 23717 47740
310 24024 24026 48360
312 24335 24337 48984
314 24648 24650 49612
316 24963 24965 50244
318 25280 25282 50880
320 25599 25601 51520
322 25920 25922 52164
324 26243 26245 52812
326 26568 26570 53464
328 26895 26897 54120
330 27224 27226 54780
332 27555 27557 55444
334 27888 27890 56112
336 28223 28225 56784
338 28560 28562 57460
340 28899 28901 58140
342 29240 29242 58824
344 29583 29585 59512
346 29928 29930 60204
348 30275 30277 60900
350 30624 30626 61600
352 30975 30977 62304
354 31328 31330 63012
356 31683 31685 63724
358 32040 32042 64440
360 32399 32401 65160
362 32760 32762 65884
364 33123 33125 66612
366 33488 33490 67344
368 33855 33857 68080
370 34224 34226 68820
372 34595 34597 69564
374 34968 34970 70312
376 35343 35345 71064
378 35720 35722 71820
380 36099 36101 72580
382 36480 36482 73344
384 36863 36865 74112
386 37248 37250 74884
388 37635 37637 75660
390 38024 38026 76440
392 38415 38417 77224
394 38808 38810 78012
396 39203 39205 78804
398 39600 39602 79600
400 39999 40001 80400
402 40400 40402 81204
404 40803 40805 82012
406 41208 41210 82824
408 41615 41617 83640
410 42024 42026 84460
412 42435 42437 85284
414 42848 42850 86112
416 43263 43265 86944
418 43680 43682 87780
420 44099 44101 88620
422 44520 44522 89464
424 44943 44945 90312
426 45368 45370 91164
428 45795 45797 92020
430 46224 46226 92880
432 46655 46657 93744
434 47088 47090 94612
436 47523 47525 95484
438 47960 47962 96360
440 48399 48401 97240
442 48840 48842 98124
444 49283 49285 99012
446 49728 49730 99904
448 50175 50177 100800
450 50624 50626 101700
452 51075 51077 102604
454 51528 51530 103512
456 51983 51985 104424
458 52440 52442 105340
460 52899 52901 106260
462 53360 53362 107184
464 53823 53825 108112
466 54288 54290 109044
468 54755 54757 109980
470 55224 55226 110920
472 55695 55697 111864
474 56168 56170 112812
476 56643 56645 113764
478 57120 57122 114720
480 57599 57601 115680
482 58080 58082 116644
484 58563 58565 117612
486 59048 59050 118584
488 59535 59537 119560
490 60024 60026 120540
492 60515 60517 121524
494 61008 61010 122512
496 61503 61505 123504
498 62000 62002 124500
500 62499 62501 125500
502 63000 63002 126504
504 63503 63505 127512
506 64008 64010 128524
508 64515 64517 129540
510 65024 65026 130560
512 65535 65537 131584
514 66048 66050 132612
516 66563 66565 133644
518 67080 67082 134680
520 67599 67601 135720
522 68120 68122 136764
524 68643 68645 137812
526 69168 69170 138864
528 69695 69697 139920
530 70224 70226 140980
532 70755 70757 142044
534 71288 71290 143112
536 71823 71825 144184
538 72360 72362 145260
540 72899 72901 146340
542 73440 73442 147424
544 73983 73985 148512
546 74528 74530 149604
548 75075 75077 150700
550 75624 75626 151800
552 76175 76177 152904
554 76728 76730 154012
556 77283 77285 155124
558 77840 77842 156240
560 78399 78401 157360
562 78960 78962 158484
564 79523 79525 159612
566 80088 80090 160744
568 80655 80657 161880
570 81224 81226 163020
572 81795 81797 164164
574 82368 82370 165312
576 82943 82945 166464
578 83520 83522 167620
580 84099 84101 168780
582 84680 84682 169944
584 85263 85265 171112
586 85848 85850 172284
588 86435 86437 173460
590 87024 87026 174640
592 87615 87617 175824
594 88208 88210 177012
596 88803 88805 178204
598 89400 89402 179400
600 89999 90001 180600
602 90600 90602 181804
604 91203 91205 183012
606 91808 91810 184224
608 92415 92417 185440
610 93024 93026 186660
612 93635 93637 187884
614 94248 94250 189112
616 94863 94865 190344
618 95480 95482 191580
620 96099 96101 192820
622 96720 96722 194064
624 97343 97345 195312
626 97968 97970 196564
628 98595 98597 197820
630 99224 99226 199080
632 99855 99857 200344
634 100488 100490 201612
636 101123 101125 202884
638 101760 101762 204160
640 102399 102401 205440
642 103040 103042 206724
644 103683 103685 208012
646 104328 104330 209304
648 104975 104977 210600
650 105624 105626 211900
652 106275 106277 213204
654 106928 106930 214512
656 107583 107585 215824
658 108240 108242 217140
660 108899 108901 218460
662 109560 109562 219784
664 110223 110225 221112
666 110888 110890 222444
668 111555 111557 223780
670 112224 112226 225120
672 112895 112897 226464
674 113568 113570 227812
676 114243 114245 229164
678 114920 114922 230520
680 115599 115601 231880
682 116280 116282 233244
684 116963 116965 234612
686 117648 117650 235984
688 118335 118337 237360
690 119024 119026 238740
692 119715 119717 240124
694 120408 120410 241512
696 121103 121105 242904
698 121800 121802 244300
700 122499 122501 245700
702 123200 123202 247104
704 123903 123905 248512
706 124608 124610 249924
708 125315 125317 251340
710 126024 126026 252760
712 126735 126737 254184
714 127448 127450 255612
716 128163 128165 257044
718 128880 128882 258480
720 129599 129601 259920
722 130320 130322 261364
724 131043 131045 262812
726 131768 131770 264264
728 132495 132497 265720
730 133224 133226 267180
732 133955 133957 268644
734 134688 134690 270112
736 135423 135425 271584
738 136160 136162 273060
740 136899 136901 274540
742 137640 137642 276024
744 138383 138385 277512
746 139128 139130 279004
748 139875 139877 280500
750 140624 140626 282000
752 141375 141377 283504
754 142128 142130 285012
756 142883 142885 286524
758 143640 143642 288040
760 144399 144401 289560
762 145160 145162 291084
764 145923 145925 292612
766 146688 146690 294144
768 147455 147457 295680
770 148224 148226 297220
772 148995 148997 298764
774 149768 149770 300312
776 150543 150545 301864
778 151320 151322 303420
780 152099 152101 304980
782 152880 152882 306544
784 153663 153665 308112
786 154448 154450 309684
788 155235 155237 311260
790 156024 156026 312840
792 156815 156817 314424
794 157608 157610 316012
796 158403 158405 317604
798 159200 159202 319200
800 159999 160001 320800
802 160800 160802 322404
804 161603 161605 324012
806 162408 162410 325624
808 163215 163217 327240
810 164024 164026 328860
812 164835 164837 330484
814 165648 165650 332112
816 166463 166465 333744
818 167280 167282 335380
820 168099 168101 337020
822 168920 168922 338664
824 169743 169745 340312
826 170568 170570 341964
828 171395 171397 343620
830 172224 172226 345280
832 173055 173057 346944
834 173888 173890 348612
836 174723 174725 350284
838 175560 175562 351960
840 176399 176401 353640
842 177240 177242 355324
844 178083 178085 357012
846 178928 178930 358704
848 179775 179777 360400
850 180624 180626 362100
852 181475 181477 363804
854 182328 182330 365512
856 183183 183185 367224
858 184040 184042 368940
860 184899 184901 370660
862 185760 185762 372384
864 186623 186625 374112
866 187488 187490 375844
868 188355 188357 377580
870 189224 189226 379320
872 190095 190097 381064
874 190968 190970 382812
876 191843 191845 384564
878 192720 192722 386320
880 193599 193601 388080
882 194480 194482 389844
884 195363 195365 391612
886 196248 196250 393384
888 197135 197137 395160
890 198024 198026 396940
892 198915 198917 398724
894 199808 199810 400512
896 200703 200705 402304
898 201600 201602 404100
900 202499 202501 405900
902 203400 203402 407704
904 204303 204305 409512
906 205208 205210 411324
908 206115 206117 413140
910 207024 207026 414960
912 207935 207937 416784
914 208848 208850 418612
916 209763 209765 420444
918 210680 210682 422280
920 211599 211601 424120
922 212520 212522 425964
924 213443 213445 427812
926 214368 214370 429664
928 215295 215297 431520
930 216224 216226 433380
932 217155 217157 435244
934 218088 218090 437112
936 219023 219025 438984
938 219960 219962 440860
940 220899 220901 442740
942 221840 221842 444624
944 222783 222785 446512
946 223728 223730 448404
948 224675 224677 450300
950 225624 225626 452200
952 226575 226577 454104
954 227528 227530 456012
956 228483 228485 457924
958 229440 229442 459840
960 230399 230401 461760
962 231360 231362 463684
964 232323 232325 465612
966 233288 233290 467544
968 234255 234257 469480
970 235224 235226 471420
972 236195 236197 473364
974 237168 237170 475312
976 238143 238145 477264
978 239120 239122 479220
980 240099 240101 481180
982 241080 241082 483144
984 242063 242065 485112
986 243048 243050 487084
988 244035 244037 489060
990 245024 245026 491040
992 246015 246017 493024
994 247008 247010 495012
996 248003 248005 497004
998 249000 249002 499000
1000 249999 250001 501000
